S
0.3644586388E+04       0.9163596281E-02
0.6682309248E+03       0.4936149294E-01
0.1869469321E+03       0.1685383049E+00
0.6422131675E+02       0.3705627997E+00
0.2493901660E+02       0.4164915298E+00
0.1027126426E+02       0.1303340841E+00
SP
0.1959641441E+03      -0.1325278809E-01       0.3759696623E-02
0.3878641831E+02      -0.4699171014E-01       0.3767936984E-01
0.1205478990E+02      -0.3378537151E-01       0.1738967435E+00
0.4637912184E+01       0.2502417861E+00       0.4180364347E+00
0.2014248422E+01       0.5951172526E+00       0.4258595477E+00
0.9232774259E+00       0.2407061763E+00       0.1017082955E+00
SP
0.8901677544E+01      -0.7943126362E-02      -0.7139358907E-02
0.2383949209E+01      -0.7100264172E-01      -0.1829277070E-01
0.8940062839E+00      -0.1785026925E+00       0.7621621429E-01
0.4001736462E+00       0.1510635058E+00       0.4145098597E+00
0.1980255441E+00       0.7354914767E+00       0.4889621471E+00
0.1020555436E+00       0.2760593123E+00       0.1058816521E+00
