S
0.6994673814E+04       0.9163596281E-02
0.1282465787E+04       0.4936149294E-01
0.3587877117E+03       0.1685383049E+00
0.1232532624E+03       0.3705627997E+00
0.4786284856E+02       0.4164915298E+00
0.1971256419E+02       0.1303340841E+00
SP
0.4682992148E+03      -0.1325278809E-01       0.3759696623E-02
0.9268863609E+02      -0.4699171014E-01       0.3767936984E-01
0.2880755901E+02      -0.3378537151E-01       0.1738967435E+00
0.1108330631E+02       0.2502417861E+00       0.4180364347E+00
0.4813487481E+01       0.5951172526E+00       0.4258595477E+00
0.2206373495E+01       0.2407061763E+00       0.1017082955E+00
SP
0.1672190907E+02      -0.7943126362E-02      -0.7139358907E-02
0.4478277461E+01      -0.7100264172E-01      -0.1829277070E-01
0.1679401631E+01      -0.1785026925E+00       0.7621621429E-01
0.7517310408E+00       0.1510635058E+00       0.4145098597E+00
0.3719933828E+00       0.7354914767E+00       0.4889621471E+00
0.1917125747E+00       0.2760593123E+00       0.1058816521E+00
