S
0.5060118369E+03       0.9163596281E-02
0.9277671639E+02       0.4936149294E-01
0.2595558190E+02       0.1685383049E+00
0.8916442908E+01       0.3705627997E+00
0.3462515703E+01       0.4164915298E+00
0.1426055179E+01       0.1303340841E+00
SP
0.2319456087E+02      -0.1325278809E-01       0.3759696623E-02
0.4590808918E+01      -0.4699171014E-01       0.3767936984E-01
0.1426819990E+01      -0.3378537151E-01       0.1738967435E+00
0.5489490791E+00       0.2502417861E+00       0.4180364347E+00
0.2384089591E+00       0.5951172526E+00       0.4258595477E+00
0.1092802694E+00       0.2407061763E+00       0.1017082955E+00
