S
0.3128704937E+03       0.9163596281E-02
0.5736446253E+02       0.4936149294E-01
0.1604850940E+02       0.1685383049E+00
0.5513096119E+01       0.3705627997E+00
0.2140896553E+01       0.4164915298E+00
0.8817394283E+00       0.1303340841E+00
SP
0.1363324744E+02      -0.1325278809E-01       0.3759696623E-02
0.2698375464E+01      -0.4699171014E-01       0.3767936984E-01
0.8386530829E+00      -0.3378537151E-01       0.1738967435E+00
0.3226600698E+00       0.2502417861E+00       0.4180364347E+00
0.1401314882E+00       0.5951172526E+00       0.4258595477E+00
0.6423251387E-01       0.2407061763E+00       0.1017082955E+00
