S
0.7427370491E+03       0.9163596281E-02
0.1361800249E+03       0.4936149294E-01
0.3809826352E+02       0.1685383049E+00
0.1308778177E+02       0.3705627997E+00
0.5082368648E+01       0.4164915298E+00
0.2093200076E+01       0.1303340841E+00
SP
0.3049723950E+02      -0.1325278809E-01       0.3759696623E-02
0.6036199601E+01      -0.4699171014E-01       0.3767936984E-01
0.1876046337E+01      -0.3378537151E-01       0.1738967435E+00
0.7217826470E+00       0.2502417861E+00       0.4180364347E+00
0.3134706954E+00       0.5951172526E+00       0.4258595477E+00
0.1436865550E+00       0.2407061763E+00       0.1017082955E+00
