S
0.6236545525E+04       0.9163596281E-02
0.1143463795E+04       0.4936149294E-01
0.3198999635E+03       0.1685383049E+00
0.1098942714E+03       0.3705627997E+00
0.4267516141E+02       0.4164915298E+00
0.1757598814E+02       0.1303340841E+00
SP
0.4039729660E+03      -0.1325278809E-01       0.3759696623E-02
0.7995679269E+02      -0.4699171014E-01       0.3767936984E-01
0.2485051157E+02      -0.3378537151E-01       0.1738967435E+00
0.9560887526E+01       0.2502417861E+00       0.4180364347E+00
0.4152299968E+01       0.5951172526E+00       0.4258595477E+00
0.1903302881E+01       0.2407061763E+00       0.1017082955E+00
SP
0.1358352871E+02      -0.7943126362E-02      -0.7139358907E-02
0.3637791008E+01      -0.7100264172E-01      -0.1829277070E-01
0.1364210281E+01      -0.1785026925E+00       0.7621621429E-01
0.6106455986E+00       0.1510635058E+00       0.4145098597E+00
0.3021773873E+00       0.7354914767E+00       0.4889621471E+00
0.1557318157E+00       0.2760593123E+00       0.1058816521E+00
