S
0.1728626574E+04       0.9163596281E-02
0.3169417900E+03       0.4936149294E-01
0.8866889139E+02       0.1685383049E+00
0.3046015731E+02       0.3705627997E+00
0.1182857044E+02       0.4164915298E+00
0.4871658522E+01       0.1303340841E+00
SP
0.6703228091E+02      -0.1325278809E-01       0.3759696623E-02
0.1326743777E+02      -0.4699171014E-01       0.3767936984E-01
0.4123509771E+01      -0.3378537151E-01       0.1738967435E+00
0.1586462839E+01       0.2502417861E+00       0.4180364347E+00
0.6890018919E+00       0.5951172526E+00       0.4258595477E+00
0.3158199784E+00       0.2407061763E+00       0.1017082955E+00
