S
0.1671758462E+03       0.9163596281E-02
0.3065150840E+02       0.4936149294E-01
0.8575187477E+01       0.1685383049E+00
0.2945808337E+01       0.3705627997E+00
0.1143943581E+01       0.4164915298E+00
0.4711391391E+00       0.1303340841E+00
SP
0.6597563981E+01      -0.1325278809E-01       0.3759696623E-02
0.1305830092E+01      -0.4699171014E-01       0.3767936984E-01
0.4058510193E+00      -0.3378537151E-01       0.1738967435E+00
0.1561455158E+00       0.2502417861E+00       0.4180364347E+00
0.6781410394E-01       0.5951172526E+00       0.4258595477E+00
0.3108416550E-01       0.2407061763E+00       0.1017082955E+00
