S
0.1027828458E+04       0.9163596281E-02
0.1884512226E+03       0.4936149294E-01
0.5272186097E+02       0.1685383049E+00
0.1811138217E+02       0.3705627997E+00
0.7033179691E+01       0.4164915298E+00
0.2896651794E+01       0.1303340841E+00
SP
0.3919880787E+02      -0.1325278809E-01       0.3759696623E-02
0.7758467071E+01      -0.4699171014E-01       0.3767936984E-01
0.2411325783E+01      -0.3378537151E-01       0.1738967435E+00
0.9277239437E+00       0.2502417861E+00       0.4180364347E+00
0.4029111410E+00       0.5951172526E+00       0.4258595477E+00
0.1846836552E+00       0.2407061763E+00       0.1017082955E+00
