S
0.2600756771E+04       0.9163596281E-02
0.4768459071E+03       0.4936149294E-01
0.1334043010E+03       0.1685383049E+00
0.4582797788E+02       0.3705627997E+00
0.1779634487E+02       0.4164915298E+00
0.7329517596E+01       0.1303340841E+00
SP
0.1248424044E+03      -0.1325278809E-01       0.3759696623E-02
0.2470956992E+02      -0.4699171014E-01       0.3767936984E-01
0.7679715913E+01      -0.3378537151E-01       0.1738967435E+00
0.2954663523E+01       0.2502417861E+00       0.4180364347E+00
0.1283212382E+01       0.5951172526E+00       0.4258595477E+00
0.5881901217E+00       0.2407061763E+00       0.1017082955E+00
SP
0.9433006047E+01      -0.7943126362E-02      -0.7139358907E-02
0.2526243756E+01      -0.7100264172E-01      -0.1829277070E-01
0.9473682506E+00      -0.1785026925E+00       0.7621621429E-01
0.4240594435E+00       0.1510635058E+00       0.4145098597E+00
0.2098454079E+00       0.7354914767E+00       0.4889621471E+00
0.1081470943E+00       0.2760593123E+00       0.1058816521E+00
