S
0.4857412371E+04       0.9163596281E-02
0.8906012410E+03       0.4936149294E-01
0.2491581331E+03       0.1685383049E+00
0.8559254335E+02       0.3705627997E+00
0.3323808927E+02       0.4164915298E+00
0.1368928069E+02       0.1303340841E+00
SP
0.2906649590E+03      -0.1325278809E-01       0.3759696623E-02
0.5753018103E+02      -0.4699171014E-01       0.3767936984E-01
0.1788033738E+02      -0.3378537151E-01       0.1738967435E+00
0.6879210280E+01       0.2502417861E+00       0.4180364347E+00
0.2987645712E+01       0.5951172526E+00       0.4258595477E+00
0.1369456623E+01       0.2407061763E+00       0.1017082955E+00
SP
0.1111939652E+02      -0.7943126362E-02      -0.7139358907E-02
0.2977874272E+01      -0.7100264172E-01      -0.1829277070E-01
0.1116734493E+01      -0.1785026925E+00       0.7621621429E-01
0.4998708868E+00       0.1510635058E+00       0.4145098597E+00
0.2473606277E+00       0.7354914767E+00       0.4889621471E+00
0.1274811462E+00       0.2760593123E+00       0.1058816521E+00
