S
0.5529038289E+04       0.9163596281E-02
0.1013743118E+04       0.4936149294E-01
0.2836087927E+03       0.1685383049E+00
0.9742727471E+02       0.3705627997E+00
0.3783386178E+02       0.4164915298E+00
0.1558207360E+02       0.1303340841E+00
SP
0.3455896791E+03      -0.1325278809E-01       0.3759696623E-02
0.6840121655E+02      -0.4699171014E-01       0.3767936984E-01
0.2125904712E+02      -0.3378537151E-01       0.1738967435E+00
0.8179121699E+01       0.2502417861E+00       0.4180364347E+00
0.3552198128E+01       0.5951172526E+00       0.4258595477E+00
0.1628232301E+01       0.2407061763E+00       0.1017082955E+00
SP
0.1294439442E+02      -0.7943126362E-02      -0.7139358907E-02
0.3466625105E+01      -0.7100264172E-01      -0.1829277070E-01
0.1300021248E+01      -0.1785026925E+00       0.7621621429E-01
0.5819134077E+00       0.1510635058E+00       0.4145098597E+00
0.2879592903E+00       0.7354914767E+00       0.4889621471E+00
0.1484042983E+00       0.2760593123E+00       0.1058816521E+00
